circulo 1852 161.196 0.159293 2.38896e-05 4.97686e-07
rectangulo 2606.5 207.463 0.172755 0.0025395 1.81225e-06
rectangulo 2592.5 201.556 0.173599 0.00282606 2.98614e-06
circulo 1852 161.196 0.159293 2.38896e-05 4.97686e-07
circulo 1852 161.196 0.159293 2.38896e-05 4.97686e-07
rectangulo 2606.5 207.463 0.172755 0.0025395 1.81225e-06
rectangulo 2592.5 201.556 0.173599 0.00282606 2.98614e-06
circulo 1852 161.196 0.159293 2.38896e-05 4.97686e-07
rectangulo 2606.5 207.463 0.172755 0.0025395 1.81225e-06
rectangulo 2592.5 201.556 0.173599 0.00282606 2.98614e-06
