circulo 1852 161.196 0.159293 2.38896e-05 4.97686e-07
circulo 1928.5 164.61 0.159655 0.000117151 5.7153e-06
circulo 1884 163.196 0.159325 2.97947e-05 1.87413e-06
circulo 1870 162.024 0.159264 1.52966e-05 1.36745e-06
circulo 1914 163.539 0.159633 0.000117883 3.98668e-07
rectangulo 2606.5 207.463 0.172755 0.0025395 1.81225e-06
rectangulo 2592.5 201.556 0.173599 0.00282606 2.98614e-06
rectangulo 2605.5 212.468 0.172187 0.00233021 2.91403e-07
rectangulo 2588.5 214.35 0.174021 0.00296939 8.93314e-07
rectangulo 2576 205.941 0.172238 0.00228387 8.19626e-07
triangulo 2047 209.823 0.191158 1.76267e-05 0.00431967
triangulo 2175 208.309 0.187124 2.25063e-05 0.00363126
triangulo 2114 210.652 0.190613 2.13381e-05 0.00422272
triangulo 2162.5 209.723 0.188177 5.61448e-05 0.00378405
triangulo 2071.5 210.894 0.190891 1.51025e-05 0.0042745
vagon 8023.5 494.624 0.201529 0.00891259 3.45904e-06
vagon 7958.5 491.772 0.193454 0.00653577 1.6181e-06
vagon 8005 492.701 0.200129 0.00876368 2.2483e-06
vagon 7920 476.936 0.194394 0.00685275 3.30646e-06
vagon 7998 473.127 0.199566 0.00822964 1.54992e-06
rueda 5601.5 386.375 0.159392 1.26782e-05 1.49762e-07
rueda 5561.5 354.919 0.159335 1.47375e-05 3.98728e-08
rueda 5512.5 340.777 0.159335 2.13073e-05 2.02481e-08
rueda 5612.5 369.061 0.15938 2.09273e-05 3.07521e-07
rueda 5650.5 387.889 0.159361 5.2725e-06 3.13004e-07
